9 -> 20.1s                          2 0 3 2 0 3 0 2 3 1 2 3 1 2 3 1 2 3 1 2     OK
15 -> 62.4 (temps real 86)          2 1 2 3 0 2 3 0 3 2 1 2 3 0 3 2 1 2 1 2     OK
43, 286s .... (no acabat)  OK 38 679.2  2 1 3 1 2 0 2 0 2 1 3 2 0 2 1 3 2 3 2 2
26 79.8 .....  OK
18 77.4 ..... OK
25 74.7 ......        0 2 0 3 1 2 0 3 1 3 0 2 0 3 1 3 0 2 0 3     OK
14 35.4  (TEMPS execucio real 246)  0 1 0 1 0 2 0 1 0 1 0 2 3 2 0 1 2 3 2 0     OK
10 104.7  (temps real 137)          2 0 1 0 2 0 1 3 1 3 1 3 1 3 1 3 1 2 0 2     OK
12 6.1 (13 real)                    1 0 3 0 3 0 3 1 2 1 3 0 3 1 2 1 3 0 3 1     OK
9 3.3 (18 real)                     0 1 3 0 2 0 3 0 1 3 0 2 0 3 0 1 3 0 2 0     OK


hard2 solució amb greedyv1 -> 96 OK
1456 1525.7 ...
0 0 0 0 0 0 0 0 0 1 1 1 1 1 1 1 1 1 1 1 1 1 1 1 2 2 2 2 2 2 2 2 2 2 2 2 3 3 3 3 4 4 4 4 4 4 4 4 5 5 5 5 5 5 5 5 5 5 5 6 6 6 6 6 6 6 6 6 6 6 7 7 7 7 7 7 9 9 9 7 8 9 8 8 9 8 8 9 8 8 9 8 8 9 9 8 8 9 9 9



